[header]
width=15
height=10
tilewidth=48
tileheight=24
orientation=isometric

[tilesets]
tileset=FLOORS.png,48,24,0,0
tileset=OBJECTS_1x2.png,48,48,0,0
tileset=WALLS_1x4.png,48,96,0,0

[layer]
type=floor
data=
0,0,0,0,0,0,0,0,0,0,0,0,0,0,0,
0,0,0,0,0,0,0,0,0,0,0,0,0,0,0,
0,0,0,0,0,0,0,0,0,0,0,0,0,0,0,
0,0,0,0,16,12,12,12,12,12,17,0,0,0,0,
0,16,12,17,11,21,1,1,1,21,7,16,12,17,0,
0,11,21,7,11,1,1,1,1,1,7,11,21,7,0,
0,22,6,2,11,21,1,1,1,21,7,22,6,2,0,
0,0,0,0,22,6,6,6,6,6,2,0,0,0,0,
0,0,0,0,0,0,16,12,17,0,0,0,0,0,0,
0,0,0,0,0,0,11,21,7,0,0,0,0,0,0

[layer]
type=walls
data=
0,0,0,0,0,0,0,0,0,0,0,0,0,0,0,
0,0,0,0,0,0,0,0,0,0,0,0,0,0,0,
0,0,0,0,0,0,0,0,0,0,0,0,0,0,0,
0,0,0,0,53,51,51,51,51,51,51,56,0,0,0,
0,53,51,51,0,0,0,0,0,0,0,56,51,51,0,
0,55,0,0,0,0,0,0,0,0,0,0,0,0,0,
0,52,0,0,0,0,0,0,0,0,0,0,0,0,0,
0,0,0,0,0,0,0,0,0,0,0,0,0,0,0,
0,0,0,0,0,0,0,0,0,0,0,0,0,0,0,
0,0,0,0,0,0,0,0,0,0,0,0,0,0,0

[layer]
type=objects
data=
0,0,0,0,0,0,0,0,0,0,0,0,0,0,0,
0,0,0,0,0,0,0,0,0,0,0,0,0,0,0,
0,0,0,0,0,0,0,0,0,0,0,0,0,0,0,
0,0,0,0,26,0,28,0,28,0,26,0,0,0,0,
0,0,0,0,0,0,0,0,0,0,0,0,0,0,0,
0,0,27,0,0,0,0,0,0,0,0,0,27,0,0,
0,0,0,0,0,0,0,0,0,0,0,0,0,0,0,
0,0,0,0,26,0,0,0,0,0,26,0,0,0,0,
0,0,0,0,0,0,0,0,0,0,0,0,0,0,0,
0,0,0,0,0,0,0,0,0,0,0,0,0,0,0

